307.28,
300.41,
300.82,
300.93,
300.96,
300,
301.23,
299.46,
301.05,
305.44,
300.59,
300.83,
301.65,
300.74,
300.8,
300.05,
302.97,
301.01,
299.34,
300.46,
309.56,
301.31,
314.76,
301.88,
302.74,
300.28,
300.66,
300.22,
300.47,
300.83,
302.09,
301.31,
300.71,
300.56,
299.63,
301.53,
301.07,
303.9,
299.97,
300.78,
301.39,
299.75,
299.75,
300.92,
300.97,
301.28,
300.99,
301.12,
300.83,
302.14,
300.45,
301.63,
301.27,
303.37,
302.36,
300.26,
300.03,
301.33,
301.09,
299.9,
301.91,
299.74,
305.46,
302.24,
300.79,
302.35,
300.02,
300.39,
300.05,
301.69,
300.45,
299.89,
300.45,
299.8,
300,
301.56,
301.33,
301.3,
300.79,
301.6,
301.51,
301.39,
300.11,
300,
300.4,
300.68,
300.8,
300.79,
300.37,
301.29,
301.05,
302.04,
300.97,
301.29,
300.1,
299.6,
300.79,
300.13,
303.96,
287.86,
295.63,
291.86,
290.29,
301.30,
292.03,
297.16,
312.92,
302.65