33.15,
36.1,
38.43,
33.78,
34.47,
32.81,
33.05,
34.64,
34.01,
34.36,
33.15,
35.71,
36.18,
32.99,
33.5,
33.72,
34.08,
33.41,
35.79,
32.86,
34.12,
32.8,
42.36,
34.17,
32.9,
33.36,
32.98,
32.59,
34.38,
33.48,
32.96,
34.18,
32.84,
33.08,
37.08,
34.57,
41.8,
35.15,
38.39,
35,
33.35,
33.28,
33.68,
34.99,
32.79,
34.29,
41.4,
34.45,
34.31,
32.54,
33.97,
33.63,
41.61,
34.85,
33.24,
33.12,
33.51,
33.69,
34.86,
34.45,
34.86,
33.53,
34.14,
32.22,
33.76,
34.82,
34.19,
39.55,
38.92,
34.35,
34.44,
40.07,
33.48,
38.96,
33.33,
34.25,
36.16,
33.77,
32.58,
32.36,
34.69,
35.4,
37.55,
32.76,
33.65,
33.43,
32.33,
33.39,
33.08,
35.35,
33.22,
33.2,
33.19,
33.77,
32.05,
32.36,
33.89,
33.51,
33.08,
32.76,
32.67,
34.05,
32.7,
32.66,
32.01,
34.42,
32.59,
34.81,
31.15,
30.42,
31.05,
31.39,
31.17,
30.15,
31.44,
30.11,
32.17,
30.09,
31,
34.16,
35.33,
37.34,
32.98,
38.08,
31.88,
30.3,
32.01,
31.24,
30.71,
31.06,
31.52,
32.03,
30.94,
31.55,
32.48,
31.04,
32.72,
36.54,
32.28,
31.05,
31.66,
31.2,
30.8,
31.91,
36.4,
30.84,
31.34,
30.61,
32.54,
30.8,
33.2,
35.22,
31.47,
31.88,
31.26,
31.26,
30.94,
30.16,
30.39,
31.36,
32.8,
31.38,
30.45,
30.9,
30.68,
33.54,
31.44,
32.22,
31.89,
30.77,
32.01,
31.29,
36.78,
31.75,
31.14,
30.57,
31.28,
30.52,
31.35,
31.69,
32.21,
31.04,
31.26,
30.05,
32.73,
31.51,
31.91,
30.98,
30.95,
31.3,
31.49,
34.11,
30.32,
30.85,
30.71,
30.94,
31.29,
30.91,
31.66,
31.27,
30.8,
32.61,
33.05,
31.65,
31.89,
30.6,
31.12,
30.07,
38.28,
32.18,
27.30,
44.80,
32.33,
30.06,
40.36,
31.93