111.99,
112.45,
112.97,
111.41,
112.01,
111.42,
112.37,
112.35,
112.24,
113.12,
112.07,
112.56,
114.32,
112.18,
113.59,
113.96,
112.07,
119.41,
115.98,
117.34,
111.45,
113.25,
112.15,
111.46,
111.37,
112.01,
113.06,
111.25,
112.6,
116.89,
112.58,
112.18,
112.94,
111.15,
113.39,
118.52,
113.49,
112.38,
112.38,
111.99,
112.31,
115.76,
111.91,
112.93,
112.55,
111.39,
112.38,
112.26,
112.05,
112.11,
113.76,
112.6,
111.88,
112.27,
111.44,
112.44,
113.07,
111.36,
112.85,
116.16,
113.22,
114.71,
112.43,
111.79,
112.99,
111.82,
112.07,
113.63,
112.82,
111.06,
117.08,
112.57,
112.41,
112.89,
112.49,
112.57,
112.47,
112.5,
111.64,
112.83,
112.34,
113.16,
112.21,
112.76,
111.87,
112.26,
112.6,
112.33,
110.97,
114.65,
112.56,
111.66,
111.93,
112.44,
112.28,
112.11,
112.48,
116.38,
113.05,
110.14,
118.13,
112.03,
109.34,
119.75,
112.13,
112.71,
242.59,
118.17