187.37,
186.04,
185.92,
183.9,
184.3,
183.8,
184.29,
185.19,
184.75,
184.34,
186.21,
185.77,
186.76,
185.39,
187.12,
184.09,
183.85,
185.09,
186.05,
185.81,
184.62,
184.91,
185.9,
186.23,
184.7,
185.07,
186.46,
184.16,
186.66,
185.04,
185.1,
184.57,
184.79,
184.46,
184.96,
185.06,
185.63,
205.35,
184.9,
185.96,
185.54,
183.89,
184.16,
184.3,
189.05,
184.1,
185.11,
184.85,
184.94,
185.82,
185,
184.57,
184.04,
184.78,
184.14,
194.89,
185.21,
185,
184.85,
184.35,
185,
183.78,
184.28,
183.67,
185.47,
185.12,
185.26,
184.62,
184.07,
184.07,
185.74,
185.41,
185.84,
185.06,
185.88,
185.18,
184.1,
195.43,
196.54,
184.33,
185.12,
188.34,
184.43,
184.58,
184.88,
184.05,
184.5,
184.57,
184.98,
183.76,
185.35,
184.41,
184.45,
184.54,
183.8,
183.34,
185.3,
183.86,
185.72,
183.39, 202.06, 186.89,
179.60, 199.42, 183.15,
199.22, 236.28, 205.94