235.72,
235.72,
235.29,
233.65,
235.81,
234.77,
235.89,
234.32,
234.21,
234.93,
235.41,
235.08,
235.61,
236.04,
234.97,
234.36,
234.79,
234.92,
235.49,
234.94,
235.83,
239.23,
234.51,
235.11,
238.64,
233.76,
235.76,
234.29,
235.41,
235.26,
234.88,
235.37,
235.53,
234.1,
234.94,
234.72,
236.15,
234.99,
235.29,
236.29,
234.53,
239.48,
242.83,
236.25,
235.63,
236.24,
235.1,
235.03,
235.5,
234.81,
235.56,
235.15,
234.82,
234.98,
238.99,
236.13,
235.9,
235.2,
236.63,
241.43,
234.06,
239.38,
236.24,
236.22,
235.35,
235.3,
235.95,
234.48,
234.12,
234.67,
240.24,
235.75,
235.88,
241.25,
234.39,
234.18,
234.54,
234.34,
236.8,
238.5,
235.21,
235.54,
235.01,
235.62,
234.66,
233.75,
236.66,
235.02,
235.5,
234.86,
234.68,
234.67,
235.86,
235.46,
235.45,
234.57,
235.75,
235.06,
227.03,
235.45,
231.04,
239.86,
254.48,
241.82,
239.12,
254.59,
244.24