32.34,
32.34,
34.02,
33.06,
35.39,
32.54,
32.43,
33.18,
33.44,
35.86,
33.34,
36.1,
33.51,
34.21,
34.22,
32.62,
33.9,
33.29,
33.14,
33.4,
33.43,
33.64,
32.14,
32.78,
33.48,
33.39,
33.2,
36.52,
32.47,
43.78,
34.92,
33.26,
33.85,
33.26,
32.36,
33.51,
33.95,
33.25,
32.6,
32.84,
33.88,
34.35,
32.93,
32.47,
34.32,
32.98,
33.84,
33.4,
33.07,
33.62,
32.09,
32.95,
33.36,
32.49,
33.18,
33.09,
33.17,
34.01,
36.3,
34.11,
32.2,
33.3,
32.56,
34.48,
32.91,
33.55,
33.05,
34.66,
33.41,
33.7,
33.02,
33.55,
34.07,
37.78,
32.99,
34.13,
33.12,
33.06,
32.89,
33.3,
41.15,
32.33,
33.37,
32.79,
33.5,
33.56,
33.02,
32.24,
32.17,
33.26,
38.59,
34,
33.88,
32.55,
34.13,
33.43,
35.83,
32.54,
33.38,
32.35,
60.05,
35.32,
31.81,
40.89,
33.52,
30.40,
49.19,
33.49