118.94,
112.19,
109.75,
117.52,
118.68,
115.44,
116.19,
112.7,
124.63,
109.61,
119.12,
109.58,
116.04,
124.08,
111.16,
109.71,
110.56,
112.65,
110.25,
110.28,
110.02,
119.53,
110.52,
110.53,
110.09,
109.68,
109.26,
115.99,
116.3,
110.9,
126.24,
111.2,
112.72,
110.61,
109.62,
110.58,
109.84,
110.35,
109.99,
112.96,
110.3,
110.24,
108.41,
110.42,
110.19,
114.82,
114.59,
115.13,
125.95,
109.39,
111.43,
111.71,
112.31,
110.33,
109.22,
110.72,
110.25,
109.52,
108.68,
109.57,
110.3,
115.82,
109.39,
108.27,
109.63,
110.13,
109.38,
111.36,
110.5,
113.06,
111.05,
111.76,
110.93,
114.83,
109.82,
109.76,
110.65,
120.83,
115.23,
111.63,
110.75,
110.4,
109.89,
118.47,
109.67,
109.28,
126.59,
109.69,
109.69,
112.84,
109.38,
112.47,
109.91,
117.11,
116.99,
110.98,
110.58,
109.61,
111.71,
109.9,
108.3,
108.3,
108.12,
107.91,
108.64,
107.51,
107.67,
108.56,
108.51,
108.42,
107.22,
109.54,
106.69,
108.62,
108.21,
108.83,
107.91,
107.88,
108.06,
108.06,
109.02,
108.35,
108.56,
108.54,
107.4,
116.15,
108.12,
110.34,
108.52,
107.57,
107.97,
109.53,
151.99,
112.98,
108.49,
107.85,
107.45,
108.92,
108.27,
108.05,
108.74,
109.03,
108.09,
109.28,
109.04,
106.82,
112.72,
107.54,
106.71,
109.01,
109.17,
109.83,
108.86,
109.08,
114.84,
107.45,
107.79,
108.55,
107.95,
107.8,
110.03,
113.38,
108.93,
107.08,
114.78,
107.43,
108.09,
108.11,
108.51,
106.95,
109.15,
108.02,
112.64,
116.35,
114.65,
106.98,
108.05,
106.8,
109.41,
103.65,
109.82,
106.84,
108.59,
108.77,
108.2,
107.78,
108.24,
107.84,
107.57,
108.91,
107.94,
108.25,
108.5,
107.84,
108.31,
108.99,
108.52,
108.08,
118.3,
104.42,  123.48, 108.76,
104.44, 116.07,  109.03,
106.37, 126.53, 113.50