91.26,
80.8,
80.45,
80.12,
80.79,
80.99,
81.55,
79.93,
81.48,
82.76,
80.47,
88.53,
80.42,
80.97,
80.23,
80.06,
80.73,
80.18,
82.6,
80.75,
84.41,
79.95,
81.78,
81.41,
80.7,
81.47,
81.12,
80.21,
81.22,
80.31,
82.17,
80.14,
79.65,
81.39,
80.12,
80.46,
80.95,
81.97,
79.6,
81.14,
81.14,
79.86,
80.52,
81.19,
79.31,
87.94,
81.73,
81.38,
81.78,
85.51,
81.99,
80.12,
85.15,
81.49,
79.82,
80.56,
80.83,
82.94,
81.11,
79.77,
81.12,
80.51,
80.7,
81.45,
81.2,
81.57,
81.37,
86.43,
81.85,
86.9,
81.78,
81.77,
79.9,
81.06,
81.24,
80.56,
80.29,
82.23,
80.7,
82.12,
80.83,
79.83,
81.83,
80.67,
80.71,
81.33,
80.92,
81.02,
83.73,
79.78,
80.01,
80.01,
80.62,
80.49,
80.65,
80.35,
80.69,
82.22,
80.55,
77.18,
86.64,
81.25,
79.13,
94.79,
81.42,
76.77,
88.45,
81.40