236.52,
228.9,
232.02,
228.03,
229.71
228.97,
230.54,
230.28,
228.44,
227.43,
227.14,
240.52,
227.65,
227.06,
227.33,
227.49,
234.93,
228.59,
229.33,
234.64,
226.08,
232.22,
227.8,
227.52,
226.05,
227.23,
228.48,
228.74,
227.44,
228.38,
228.75,
229.38,
227.72,
228.24,
228.46,
228.09,
241.25,
228.32,
228.2,
230.8,
227.39,
231.8,
227.12,
236.49,
232.62,
228.81,
227.7,
231.55,
226.57,
228.59,
226.09,
227.71,
227.27,
228.46,
230.56,
234.81,
228.07,
226.54,
227.94,
227.71,
226.58,
228.3,
228.17,
227.89,
228.54,
230.12,
227.64,
229.92,
227.96,
227.74,
233.69,
227.37,
229.25,
227.67,
226.7,
228.35,
231.08,
231.64,
231.83,
226.16,
228.46,
226.06,
228.07,
228.1,
227.89,
227.59,
230.98,
228.4,
233.07,
229.06,
230.21,
227.81,
227.22,
228.17,
227.79,
229.34,
227.17,
233.63,
228.64,
226.54,
228.24,
227.03,
228.09,
229.28,
228.94,
228.77,
228.74,
225.79,
225.79,
224.39,
223.66,
225.76,
224.65,
224.91,
230.21,
224.75,
226.96,
225.21,
223.78,
225.26,
225.22,
224.59,
225.73,
225.31,
224.76,
224.58,
225.13,
225.05,
225.22,
226.42,
224.8,
226.03,
225.19,
224.34,
225.3,
225.99,
224.67,
224.78,
225.44,
223.61,
224.62,
224.44,
235.6,
225.1,
225.36,
225.83,
224.69,
225.87,
224.42,
224.82,
227.52,
234.85,
224.78,
225.56,
230.02,
224.09,
225.31,
224.36,
223.98,
224.09,
224.74,
225.42,
225.15,
224.93,
224.63,
224.8,
224.38,
225.12,
225.04,
224.89,
223.79,
225.67,
223.5,
224.29,
225.49,
223.93,
224.79,
225.02,
226.41,
224.98,
225.32,
223.62,
225.13,
224.62,
223.84,
224.88,
226.56,
233.13,
224.98,
224.23,
224.65,
224.74,
225.09,
224.84,
225.9,
224.51,
225.24,
224.85,
225.79,
225.24,
225.18,
225.67,
225.07,
226.69,
224.97,
225.05,
221.50,  237.18,  225.53,
222.27,  232.84,  226.53, 
225.44,  254.75,  230.35