199.57,
199.3,
197.71,
198.81,
199.66,
199.78,
203.19,
198.98,
199.75,
198.07,
199.86,
197.79,
210.22,
198.85,
202.55,
198.4,
197.25,
200.04,
198.3,
197.21,
198.72,
197.84,
197.94,
200.85,
197.94,
197.54,
197.9,
196.6,
197.04,
197.51,
202.73,
196.61,
197.57,
198.33,
198.57,
198.58,
197.97,
197.68,
200.83,
197.54,
200.64,
199.03,
198.53,
208.78,
203.18,
201.94,
204.69,
201.14,
208.54,
197.3,
198.26,
197.67,
199.58,
199.07,
198.67,
197.64,
197.42,
197.6,
196.77,
197.64,
197.9,
197.92,
198.46,
197.58,
197.55,
199.75,
200.4,
199.92,
207.06,
196.63,
197.94,
198.88,
198.29,
198.85,
200.57,
197.28,
198,
199.37,
197.85,
198.29,
197.63,
197.06,
198.54,
197.53,
198.38,
197.76,
208.06,
197.53,
197.97,
197.72,
197.53,
198,
204.66,
198.37,
200.42,
197.11,
197.91,
197.99,
205.06,
197.47,
200.39,
197.06,
199.04,
192.54,
192.84,
191.11,
193.15,
189.39,
190.39,
190.31,
191.52,
191.72,
190.63,
191.87,
190.75,
190.85,
190.28,
190.85,
192.05,
191.97,
189.93,
191.25,
190.64,
190.68,
189.38,
191.31,
191.91,
189.91,
190.99,
202.36,
189.5,
191.51,
190.96,
191.2,
190.9,
191.09,
191.02,
190.98,
189.55,
190.51,
190.45,
197.99,
190.93,
191.37,
192.98,
190.31,
190.67,
191.75,
190.72,
194.15,
194.15,
190.38,
190.07,
190.19,
191.12,
189.88,
190.94,
190.06,
190.71,
191.22,
191.72,
189.2,
190.49,
190.27,
190.81,
190.51,
190.64,
190.75,
190.51,
199.4,
194.57,
192.21,
190.27,
191.81,
191.34,
190.75,
199.57,
190.48,
190.07,
194.19,
190.27,
190.42,
190.92,
189.57,
190.8,
191.52,
190.87,
191.63,
190.8,
190.57,
190.82,
193.17,
190.41,
189.55,
190.33,
190.43,
189.76,
195.69,
190.86,
191.47,
190.61,
190.85,
185.24,
193.34,
187.32,
185.57,
203.95,
187.72,
222.22,
318.01,
232.68